soosis1637378793.2852485*[(257, 232, 450, 425)]
1637378793.4548073*[(252, 228, 452, 428)]
1637378793.6324334*[(253, 233, 448, 428)]
1637378793.7982736*[(256, 231, 451, 426)]
1637378794.7062418*[(253, 232, 451, 430)]
1637378795.7491016*[(247, 224, 441, 418)]
1637378796.802229*[(250, 226, 443, 419)]
1637378797.7085755*[(254, 229, 443, 418)]
1637378798.7026103*[(253, 228, 443, 418)]
1637378799.7842548*[(254, 228, 446, 420)]
1637378800.7245317*[(250, 230, 443, 423)]
1637378801.6851575*[(250, 229, 447, 426)]
1637378802.6839297*[(254, 232, 442, 420)]
1637378803.727764*[(249, 226, 447, 424)]
1637378804.702919*[(252, 227, 446, 421)]
1637378805.7529707*[(251, 228, 446, 423)]
1637378806.693052*[(249, 228, 446, 425)]
1637378807.7403617*[(251, 231, 443, 423)]
1637378808.837287*[(252, 229, 448, 425)]
1637378809.9513667*[(251, 229, 448, 426)]
1637378810.7124565*[(250, 229, 449, 428)]
1637378811.7352924*[(247, 229, 446, 428)]
1637378812.7271414*[(249, 231, 444, 426)]
1637378813.7172053*[(248, 230, 445, 427)]
1637378815.0998056*[(252, 231, 447, 426)]
1637378815.8282244*[(252, 231, 446, 425)]
1637378816.7057834*[(249, 230, 446, 427)]
1637378817.7111232*[(250, 230, 447, 427)]
1637378818.7809575*[(251, 231, 445, 425)]
1637378819.7664652*[(248, 228, 446, 426)]
1637378821.6964328*[(255, 231, 441, 417)]
1637378822.7022505*[(253, 229, 446, 422)]
1637378823.7163968*[(252, 232, 443, 423)]
1637378824.7242377*[(251, 228, 446, 423)]
1637378825.7948427*[(252, 228, 448, 424)]
1637378826.713909*[(255, 226, 449, 420)]
1637378827.715139*[(254, 229, 448, 423)]
1637378828.7595415*[(253, 232, 443, 422)]
1637378829.7324128*[(254, 232, 444, 422)]
1637378830.6785035*[(251, 229, 448, 426)]soosis
