1637128284.1639616*[(281, 183, 479, 381)]
1637128285.103438*[(282, 173, 491, 382)]
1637128286.167733*[(259, 188, 474, 403)]
1637128287.1316075*[(261, 212, 471, 422)]
1637128288.1421852*[(260, 215, 473, 428)]
1637128289.1702373*[(280, 219, 486, 425)]
1637128290.19566*[(278, 215, 491, 428)]
1637128291.4065316*[(278, 218, 487, 427)]
1637128292.2530851*[(247, 218, 470, 441)]
1637128293.177848*[(237, 218, 465, 446)]
1637128294.177441*[(229, 220, 455, 446)]
1637128295.3083093*[(227, 219, 458, 450)]
1637128296.2103953*[(220, 216, 451, 447)]
1637128297.2398868*[(221, 217, 447, 443)]
1637128298.1350791*[(206, 216, 435, 445)]
1637128299.2349732*[(208, 218, 434, 444)]
1637128300.18313*[(212, 221, 435, 444)]
1637128301.262374*[(213, 223, 438, 448)]
1637128302.2210875*[(214, 223, 441, 450)]
1637128303.2615807*[(214, 222, 439, 447)]
1637128304.1552691*[(213, 224, 438, 449)]
1637128305.3025787*[(212, 224, 439, 451)]
1637128306.2637777*[(213, 225, 440, 452)]
1637128307.174684*[(220, 225, 450, 455)]
1637128308.2669883*[(229, 230, 454, 455)]
1637128309.361264*[(230, 229, 454, 453)]
1637128310.5800397*[(230, 222, 457, 449)]
1637128311.4457755*[(232, 220, 463, 451)]
1637128312.2181592*[(236, 222, 465, 451)]
1637128313.180965*[(238, 221, 468, 451)]
1637128314.1460319*[(242, 224, 471, 453)]
1637128315.1164815*[(244, 229, 469, 454)]
1637128316.1187239*[(241, 224, 475, 458)]
1637128317.1689892*[(242, 229, 466, 453)]
1637128318.1686656*[(243, 231, 465, 453)]
1637128319.1792302*[(234, 226, 469, 461)]
1637128320.1932955*[(241, 230, 472, 461)]
1637128321.1574697*[(240, 228, 470, 458)]
1637128322.4506667*[(240, 230, 465, 455)]
1637128323.351252*[(240, 229, 466, 455)]
1637128324.1795719*[(235, 225, 466, 456)]
1637128325.270307*[(239, 229, 466, 456)]
1637128326.4034011*[(240, 224, 468, 452)]
1637128327.281497*[(238, 224, 466, 452)]
1637128328.4123514*[(235, 224, 467, 456)]
1637128329.4181294*[(236, 225, 465, 454)]
1637128330.2722473*[(191, 206, 400, 415)]
1637128712.32299*[(112, 343, 156, 387)]
1637128724.2491274*[(15, 320, 162, 467)]
1637128728.271983*[(96, 338, 135, 377)]
1637128729.259824*[(127, 338, 167, 378)]
