1637421014.8258479*[(280, 303, 343, 366)]
1637421014.9431283*[(278, 300, 343, 365)]
1637421015.0682983*[(369, 303, 428, 362)]
1637421015.8015099*[(291, 307, 348, 364)]
1637421017.3189518*[(300, 308, 354, 362), (372, 303, 427, 358)]
1637421018.8190434*[(369, 307, 421, 359)]
1637421020.3721914*[(296, 304, 352, 360)]
1637421023.3147907*[(299, 313, 360, 374)]
1637421026.3150296*[(308, 311, 365, 368)]
1637421027.8170898*[(309, 307, 367, 365)]
1637421029.326279*[(292, 304, 350, 362)]
1637421030.835626*[(295, 306, 350, 361), (366, 301, 423, 358)]
1637421032.3060713*[(366, 302, 416, 352), (292, 304, 350, 362)]
1637421033.835604*[(291, 304, 350, 363)]
1637421035.2950866*[(292, 307, 346, 361)]
1637421036.8051164*[(294, 303, 352, 361)]
1637421038.302146*[(297, 306, 352, 361)]
1637421039.793354*[(293, 308, 346, 361)]
1637421041.3007913*[(290, 305, 346, 361)]
1637421042.8122988*[(294, 307, 348, 361)]
1637421044.325775*[(288, 301, 346, 359)]
1637421053.31642*[(293, 313, 355, 375)]
1637421258.8299308*[(272, 309, 329, 366)]
1637421264.85857*[(272, 311, 335, 374)]
1637421282.8036687*[(289, 294, 355, 360)]
1637422854.676565*[(333, 324, 387, 378), (418, 329, 470, 381)]
1637422858.7055142*[(333, 324, 387, 378), (418, 327, 470, 379)]
1637422862.6666563*[(407, 319, 459, 371)]
1637422872.6414099*[(402, 328, 455, 381), (321, 331, 373, 383)]
1637422896.6368437*[(298, 202, 350, 254)]
1637422918.6205444*[(296, 314, 347, 365)]
