soosis1637378793.2852485*[(257, 232, 450, 425)]
1637378793.4548073*[(252, 228, 452, 428)]
1637378793.6324334*[(253, 233, 448, 428)]
1637378793.7982736*[(256, 231, 451, 426)]
1637378794.7062418*[(253, 232, 451, 430)]
1637378795.7491016*[(247, 224, 441, 418)]
1637378796.802229*[(250, 226, 443, 419)]
1637378797.7085755*[(254, 229, 443, 418)]
1637378798.7026103*[(253, 228, 443, 418)]
1637378799.7842548*[(254, 228, 446, 420)]
1637378800.7245317*[(250, 230, 443, 423)]
1637378801.6851575*[(250, 229, 447, 426)]
1637378802.6839297*[(254, 232, 442, 420)]
1637378803.727764*[(249, 226, 447, 424)]
1637378804.702919*[(252, 227, 446, 421)]
1637378805.7529707*[(251, 228, 446, 423)]
1637378806.693052*[(249, 228, 446, 425)]
1637378807.7403617*[(251, 231, 443, 423)]
1637378808.837287*[(252, 229, 448, 425)]
1637378809.9513667*[(251, 229, 448, 426)]
1637378810.7124565*[(250, 229, 449, 428)]
1637378811.7352924*[(247, 229, 446, 428)]
1637378812.7271414*[(249, 231, 444, 426)]
1637378813.7172053*[(248, 230, 445, 427)]
1637378815.0998056*[(252, 231, 447, 426)]
1637378815.8282244*[(252, 231, 446, 425)]
1637378816.7057834*[(249, 230, 446, 427)]
1637378817.7111232*[(250, 230, 447, 427)]
1637378818.7809575*[(251, 231, 445, 425)]
1637378819.7664652*[(248, 228, 446, 426)]
1637378821.6964328*[(255, 231, 441, 417)]
1637378822.7022505*[(253, 229, 446, 422)]
1637378823.7163968*[(252, 232, 443, 423)]
1637378824.7242377*[(251, 228, 446, 423)]
1637378825.7948427*[(252, 228, 448, 424)]
1637378826.713909*[(255, 226, 449, 420)]
1637378827.715139*[(254, 229, 448, 423)]
1637378828.7595415*[(253, 232, 443, 422)]
1637378829.7324128*[(254, 232, 444, 422)]
1637378830.6785035*[(251, 229, 448, 426)]soosis
1637383603.761967*[(475, 238, 600, 363)]
1637383604.734099*[(474, 238, 601, 365)]
1637383605.7397563*[(473, 239, 599, 365)]
1637383606.7378047*[(475, 239, 601, 365)]
1637383609.7208614*[(475, 236, 604, 365), (208, 227, 458, 477)]
1637383610.751928*[(218, 228, 463, 473)]
1637383611.7589521*[(474, 240, 599, 365), (221, 234, 461, 474)]
1637383612.7956228*[(476, 238, 602, 364)]
1637383613.7695909*[(224, 240, 457, 473)]
1637383614.7750466*[(473, 239, 600, 366), (220, 239, 457, 476)]
1637383616.7709584*[(224, 241, 456, 473)]
1637383617.7395647*[(476, 240, 601, 365)]
1637383618.740673*[(475, 239, 600, 364)]
1637383619.7452118*[(476, 239, 602, 365)]
1637383620.767992*[(221, 244, 457, 480)]
1637383623.7655437*[(215, 238, 456, 479)]
1637383625.8022363*[(472, 241, 595, 364), (215, 242, 451, 478), (443, 196, 509, 262)]
1637383626.7810757*[(215, 238, 456, 479)]
1637383627.728777*[(215, 238, 456, 479)]
1637383631.7760024*[(215, 236, 456, 477)]
1637383632.803076*[(477, 241, 600, 364)]
1637383635.7863882*[(475, 239, 603, 367)]
1637383638.7375658*[(476, 239, 604, 367)]
1637383640.7687306*[(203, 213, 463, 473)]
1637383642.8120668*[(219, 242, 455, 478)]
1637383645.7748692*[(472, 237, 600, 365)]
1637383646.8167787*[(210, 231, 454, 475)]
1637383647.754141*[(211, 236, 452, 477)]
1637383648.747066*[(475, 238, 601, 364)]
1637383649.7634573*[(214, 240, 450, 476)]
1637383653.8597102*[(477, 240, 603, 366)]
1637536101.892156*[(274, 210, 463, 399)]
1637536102.127422*[(277, 212, 461, 396)]
1637536103.154407*[(270, 208, 463, 401)]
1637536105.1672354*[(273, 210, 464, 401)]
1637536121.6455271*[(279, 211, 466, 398)]
1637536121.8909402*[(279, 212, 464, 397)]
1637536123.279096*[(280, 210, 465, 395)]
1637536125.222315*[(281, 214, 463, 396)]
1637536127.322045*[(283, 214, 465, 396)]
1637536129.256719*[(281, 213, 461, 393)]
1637536131.2148833*[(276, 209, 463, 396)]
1637536133.272695*[(273, 210, 457, 394)]
1637536135.251692*[(274, 211, 462, 399)]
1637536137.2633362*[(266, 214, 452, 400)]
1637536139.398077*[(261, 212, 444, 395)]
1637536141.2669027*[(262, 211, 448, 397)]
1637536143.2580218*[(266, 211, 451, 396)]
1637536145.2730947*[(268, 212, 453, 397)]
1637536147.2405317*[(265, 210, 456, 401)]
1637536149.257401*[(265, 210, 455, 400)]
1637536151.1911407*[(269, 211, 454, 396)]
1637536153.1771712*[(266, 211, 453, 398)]
1637536155.205749*[(268, 211, 454, 397)]
1637536157.2288518*[(324, 238, 486, 400)]
1637536165.2008846*[(272, 197, 468, 393)]
1637536167.230149*[(272, 193, 471, 392)]
1637536178.902337*[(280, 197, 475, 392)]
1637536179.295559*[(285, 198, 477, 390)]
1637536181.1704998*[(281, 201, 477, 397)]
1637537341.4745722*[(270, 227, 488, 445)]
1637537343.3990877*[(265, 228, 484, 447)]
1637537346.4562025*[(272, 202, 489, 419)]
1637537349.438141*[(271, 201, 488, 418)]
1637537352.3991358*[(277, 207, 495, 425)]
1637537355.4323132*[(270, 205, 490, 425)]
1637537358.4235573*[(270, 204, 492, 426)]
1637537361.3708131*[(269, 206, 490, 427)]
1637537364.4197335*[(269, 205, 494, 430)]
1637537367.4254847*[(266, 226, 481, 441)]
1637537370.45295*[(253, 223, 471, 441)]
1637537376.5283504*[(265, 223, 480, 438)]
1637537379.5579093*[(136, 395, 193, 452), (269, 238, 476, 445)]
1637537382.4930437*[(264, 245, 472, 453)]
1637537385.5062394*[(266, 244, 473, 451)]
1637537388.577553*[(267, 245, 474, 452), (583, 425, 636, 478)]
1637537391.4621801*[(266, 256, 465, 455)]
1637537394.5050125*[(269, 267, 462, 460)]
1637537397.479608*[(258, 253, 472, 467)]
1637537400.4851234*[(264, 255, 469, 460)]
1637537403.591818*[(267, 264, 468, 465)]
1637537406.515229*[(296, 309, 452, 465)]
1637537409.535397*[(287, 291, 466, 470)]
1637537412.5806036*[(285, 294, 460, 469)]
1637537415.5330985*[(279, 285, 465, 471)]
1637537418.5138688*[(268, 281, 458, 471)]
1637537421.6286864*[(283, 287, 468, 472)]
1637537424.601725*[(270, 273, 465, 468)]
1637537427.5601203*[(295, 269, 489, 463)]
1637537430.596115*[(282, 256, 487, 461)]
1637537436.6136658*[(282, 253, 489, 460)]
1637537439.526062*[(281, 250, 489, 458)]
1637537442.5905204*[(296, 262, 493, 459)]
1637537445.6091075*[(291, 265, 489, 463)]
1637537448.6604865*[(293, 259, 497, 463)]
1637537451.493915*[(295, 258, 497, 460)]
1637537454.5285463*[(296, 267, 493, 464)]
1637537457.486654*[(278, 240, 492, 454)]
1637537460.668379*[(464, 143, 519, 198), (285, 255, 488, 458)]
1637537463.516682*[(287, 256, 493, 462)]
1637537466.6130767*[(289, 256, 495, 462)]
1637537469.6103964*[(291, 262, 491, 462)]
1637537472.6021101*[(289, 255, 494, 460)]
1637537475.638779*[(291, 254, 493, 456)]
1637537478.578691*[(290, 267, 489, 466)]
1637537481.6375704*[(286, 256, 492, 462)]
1637537484.8511057*[(294, 276, 485, 467)]
1637537490.6797497*[(276, 278, 470, 472)]
1637537494.044392*[(281, 288, 467, 474)]
1637537497.1715293*[(278, 278, 470, 470)]
1637537500.0990372*[(277, 275, 472, 470)]
1637537503.3257227*[(278, 276, 473, 471)]
1637537506.0849037*[(282, 283, 471, 472)]
1637537508.5971625*[(277, 274, 472, 469)]
1637537511.526849*[(279, 272, 472, 465)]
1637537514.5874317*[(284, 275, 478, 469), (495, 384, 575, 464)]
1637537517.4576771*[(287, 273, 479, 465)]
1637537520.529669*[(298, 270, 493, 465)]
1637537523.4950168*[(298, 274, 493, 469)]
1637537526.6461763*[(297, 272, 491, 466)]
1637578734.0750518*[(273, 150, 325, 202)]
1637578735.2500398*[(273, 149, 324, 200)]
1637578738.1981404*[(272, 150, 324, 202)]
1637578741.2492132*[(273, 150, 323, 200)]
1637578744.2616184*[(276, 150, 326, 200)]
1637578747.313374*[(274, 150, 325, 201)]
1637578750.3276236*[(274, 150, 324, 200)]
1637578753.4167883*[(272, 150, 325, 203)]
1637578756.3286815*[(274, 150, 325, 201)]
1637578759.3035986*[(274, 151, 324, 201)]
1637578762.3478587*[(273, 148, 326, 201)]
1637578765.393356*[(275, 150, 325, 200)]
1637578768.3864923*[(274, 149, 324, 199)]
1637578771.3397284*[(274, 150, 325, 201)]
1637578774.3337018*[(277, 151, 327, 201)]
1637578777.4009514*[(277, 150, 326, 199)]
1637578780.3829262*[(274, 151, 324, 201)]
1637578783.383758*[(274, 151, 323, 200)]
1637578786.348093*[(276, 149, 327, 200)]
1637578792.3663244*[(273, 150, 325, 202)]
1637578795.3505704*[(274, 150, 324, 200)]
1637578798.3491457*[(273, 150, 326, 203)]
1637578801.3363295*[(274, 152, 322, 200)]
1637578804.315833*[(274, 152, 323, 201)]
1637578807.3533926*[(273, 149, 326, 202)]
1637578810.3525684*[(274, 151, 325, 202)]
1637578813.4612792*[(274, 151, 323, 200)]
1637578816.5034366*[(271, 151, 322, 202)]
1637578819.437609*[(272, 152, 322, 202)]
1637578822.3605692*[(272, 151, 323, 202)]
1637578828.5252178*[(273, 152, 322, 201)]
1637578831.8867946*[(274, 153, 324, 203)]
1637578834.8434017*[(273, 153, 322, 202)]
1637578840.5237963*[(270, 151, 323, 204)]
1637578843.5654986*[(271, 151, 322, 202)]
1637578846.6338987*[(273, 153, 322, 202)]
1637578849.5545902*[(271, 151, 322, 202)]
1637578852.5559835*[(271, 151, 323, 203)]
1637578855.4803586*[(273, 152, 322, 201)]
1637578860.8564816*[(271, 151, 324, 204)]
1637578866.791738*[(273, 153, 321, 201)]
1637578870.9172091*[(273, 153, 323, 203)]
1637578875.1274047*[(273, 152, 322, 201)]
1637578879.2655325*[(271, 152, 322, 203)]
1637578882.9536364*[(274, 152, 322, 200)]
1637578885.2176287*[(273, 152, 323, 202)]
1637578887.1484482*[(272, 152, 322, 202)]
1637578889.4287636*[(272, 153, 320, 201)]
1637578891.6136384*[(272, 152, 322, 202)]
1637578893.5822551*[(271, 151, 322, 202)]
1637578895.576489*[(272, 151, 323, 202)]
1637578897.674394*[(273, 153, 322, 202)]
1637578899.582541*[(273, 151, 322, 200)]
1637578902.5578423*[(271, 152, 322, 203)]
1637578905.748885*[(273, 151, 322, 200)]
1637578908.7230332*[(272, 152, 322, 202)]
1637578911.851105*[(271, 152, 322, 203)]
1637578914.7446249*[(273, 151, 325, 203)]
1637578917.5778964*[(269, 154, 319, 204)]
1637578920.6591687*[(269, 152, 321, 204)]
1637578926.6913*[(271, 153, 320, 202)]
1637578929.6056306*[(269, 152, 321, 204)]
1637578932.7577326*[(271, 153, 321, 203)]
1637578936.1601763*[(270, 152, 322, 204)]
1637578939.078382*[(270, 155, 319, 204)]
1637578941.6126277*[(271, 152, 321, 202)]
1637578944.5918202*[(267, 152, 319, 204)]
1637578947.5619547*[(270, 151, 321, 202)]
1637578950.6770475*[(270, 154, 318, 202)]
1637578953.6419272*[(269, 152, 320, 203)]
1637578956.762069*[(270, 152, 322, 204)]
1637578959.6822712*[(269, 152, 320, 203)]
1637578962.5969915*[(269, 154, 319, 204)]
1637578965.6146383*[(274, 152, 325, 203)]
1637578968.588511*[(269, 153, 320, 204)]
1637578971.5346162*[(269, 151, 321, 203)]
1637578974.652137*[(270, 153, 320, 203)]
1637578977.847625*[(268, 154, 320, 206)]
1637578987.1435578*[(272, 153, 322, 203)]
1637578990.3543787*[(271, 153, 323, 205)]
1637578993.9147594*[(272, 154, 322, 204)]
1637578997.0745375*[(272, 154, 321, 203)]
1637579000.4422724*[(271, 153, 323, 205)]
1637579003.3740249*[(269, 153, 321, 205)]
1637579006.9104736*[(271, 153, 321, 203)]
1637579010.2550318*[(272, 154, 322, 204)]
1637579013.2352996*[(270, 152, 323, 205)]
1637579016.2139227*[(271, 154, 321, 204)]
1637579019.037922*[(271, 154, 322, 205)]
1637579022.0139465*[(272, 153, 323, 204)]
1637579027.7185442*[(270, 152, 323, 205)]
1637579030.6956916*[(271, 153, 322, 204)]
1637579033.3970728*[(271, 154, 321, 204)]
1637579036.317046*[(269, 154, 320, 205)]
1637579039.1921906*[(269, 153, 321, 205)]
1637579041.8348627*[(269, 153, 322, 206)]
1637579044.91687*[(271, 154, 322, 205)]
1637579047.6266186*[(270, 154, 322, 206)]
1637579050.7757633*[(269, 155, 318, 204)]
1637579054.1423967*[(270, 153, 320, 203)]
1637579060.7567387*[(266, 155, 318, 207)]
1637579063.7859955*[(270, 153, 320, 203)]
1637579066.6338642*[(268, 153, 321, 206)]
1637579068.8156457*[(270, 155, 319, 204)]
1637579070.6702633*[(270, 154, 320, 204)]
1637579073.7823644*[(267, 154, 319, 206)]
1637579077.2053967*[(267, 154, 319, 206)]
1637579080.051941*[(265, 155, 317, 207)]
1637579083.227676*[(267, 156, 317, 206)]
1637579086.0255578*[(270, 154, 321, 205)]
1637579088.9429862*[(271, 155, 321, 205)]
1637579094.75695*[(271, 155, 322, 206)]
1637579097.8287957*[(271, 155, 321, 205)]
1637579100.914275*[(271, 154, 323, 206)]
1637579104.1160557*[(271, 155, 322, 206)]
1637579107.1829426*[(270, 154, 321, 205)]
1637579110.4072566*[(271, 155, 321, 205)]
1637579113.9805336*[(271, 154, 321, 204)]
1637579117.6643398*[(271, 154, 322, 205)]
1637579121.1736712*[(272, 155, 321, 204)]
1637583469.7224507*[(56, 169, 329, 442)]
1637583475.7371812*[(64, 154, 351, 441)]
1637583481.690947*[(308, 70, 600, 362)]
1637583487.6717308*[(281, 126, 595, 440)]
1637583493.7060795*[(284, 175, 573, 464)]
1637583499.792911*[(295, 123, 572, 400)]
1637583511.5438108*[(326, 191, 385, 250)]
1637583517.531628*[(325, 190, 385, 250)]
1637583523.6523824*[(331, 195, 399, 263)]
1637583529.8015792*[(331, 195, 398, 262)]
1637583535.5605907*[(336, 197, 402, 263)]
1637583541.51144*[(336, 202, 405, 271)]
1637583553.5170937*[(341, 205, 404, 268)]
1637583559.5543163*[(341, 204, 407, 270)]
1637583607.5033064*[(461, 316, 556, 411)]
